3
8
9
12
13
89
2
1
79
7
789
78
23
123
456789
4
5
6
23456789
13456789
12456789
12345689
12345679
12345678
3456789
2456789
2345689
2345679
2345678
1456789
1345689
1345679
1345678
1245689
1245679
1245678
1234569
1234568
1234567
345689
345679
345678
245689
245679
245678
234569
234568
234567
145689
145679
145678
134569
134568
134567
124569
124568
124567
123456
45689
45679
45678
34569
34568
34567
24569
24568
24567
23456
14569
14568
14567
13456
12456
4569
4568
4567
3456
2456
1456
456
